Designator,Footprint,Mid X,Mid Y,Ref X,Ref Y,Pad X,Pad Y,Layer,Rotation,Comment
DS102,Display_7Seg_4'',4114.174mil,3373.031mil,4114.173mil,3373.031mil,3714.174mil,1266.731mil,T,0.00,DISPLAY 7PULG AC
DS202,Display_7Seg_4'',8917.324mil,3373.031mil,8917.323mil,3373.031mil,8517.324mil,1266.731mil,T,0.00,DISPLAY 7PULG AC
DS302,Display_7Seg_4'',4114.174mil,9199.803mil,4114.173mil,9199.803mil,3714.174mil,7093.503mil,T,0.00,DISPLAY 7PULG AC
DS402,Display_7Seg_4'',8917.324mil,9199.803mil,8917.323mil,9199.803mil,8517.324mil,7093.503mil,T,0.00,DISPLAY 7PULG AC
MDB101,IDC5X2,1922.520mil,706.141mil,1922.520mil,706.141mil,2122.520mil,756.141mil,T,270.00,Z-231011010106
MDB201,IDC5X2,6725.670mil,706.141mil,6725.670mil,706.141mil,6925.670mil,756.141mil,T,270.00,Z-231011010106
MDB301,IDC5X2,1922.520mil,6532.913mil,1922.520mil,6532.913mil,2122.520mil,6582.913mil,T,270.00,Z-231011010106
MDB401,IDC5X2,6725.670mil,6532.913mil,6725.670mil,6532.913mil,6925.670mil,6582.913mil,T,270.00,Z-231011010106
REG102,MIC29302AWD,2633.268mil,5349.901mil,2633.268mil,5177.165mil,2533.268mil,5216.535mil,T,360.00,SIM29302
REG202,MIC29302AWD,7436.418mil,5349.901mil,7436.418mil,5177.165mil,7336.418mil,5216.535mil,T,360.00,SIM29302
REG302,MIC29302AWD,2633.268mil,11176.673mil,2633.268mil,11003.937mil,2533.268mil,11043.307mil,T,360.00,SIM29302
REG402,MIC29302AWD,7436.418mil,11176.673mil,7436.418mil,11003.937mil,7336.418mil,11043.307mil,T,360.00,SIM29302
REG101,MIC29302BU,2631.162mil,5272.309mil,2427.166mil,5620.508mil,2497.146mil,5071.295mil,T,360.00,MIC29302WU-TR
REG201,MIC29302BU,7434.312mil,5272.309mil,7230.316mil,5620.508mil,7300.296mil,5071.295mil,T,360.00,MIC29302WU-TR
REG301,MIC29302BU,2631.162mil,11099.081mil,2427.166mil,11447.280mil,2497.146mil,10898.067mil,T,360.00,MIC29302WU-TR
REG401,MIC29302BU,7434.312mil,11099.081mil,7230.316mil,11447.280mil,7300.296mil,10898.067mil,T,360.00,MIC29302WU-TR
BT101,KR-5R5C334-R,602.520mil,4006.141mil,602.520mil,4006.141mil,504.094mil,4006.141mil,T,0.00,3V
BT201,KR-5R5C334-R,5405.670mil,4006.141mil,5405.670mil,4006.141mil,5307.244mil,4006.141mil,T,0.00,3V
BT301,KR-5R5C334-R,602.520mil,9832.913mil,602.520mil,9832.913mil,504.094mil,9832.913mil,T,0.00,3V
BT401,KR-5R5C334-R,5405.670mil,9832.913mil,5405.670mil,9832.913mil,5307.244mil,9832.913mil,T,0.00,3V
R140,RES1206-3216,2662.520mil,1766.141mil,2662.520mil,1766.141mil,2662.520mil,1699.212mil,B,90.00,100K
R240,RES1206-3216,7465.670mil,1766.141mil,7465.670mil,1766.141mil,7465.670mil,1699.212mil,B,90.00,100K
R340,RES1206-3216,2662.520mil,7592.913mil,2662.520mil,7592.913mil,2662.520mil,7525.984mil,B,90.00,100K
R440,RES1206-3216,7465.670mil,7592.913mil,7465.670mil,7592.913mil,7465.670mil,7525.984mil,B,90.00,100K
XBEE101,IDC5X2,2342.520mil,6006.141mil,2342.520mil,6006.141mil,2142.520mil,5956.141mil,T,90.00,IDC5X2
XBEE201,IDC5X2,7145.670mil,6006.141mil,7145.670mil,6006.141mil,6945.670mil,5956.141mil,T,90.00,IDC5X2
XBEE301,IDC5X2,2342.520mil,11832.913mil,2342.520mil,11832.913mil,2142.520mil,11782.913mil,T,90.00,IDC5X2
XBEE401,IDC5X2,7145.670mil,11832.913mil,7145.670mil,11832.913mil,6945.670mil,11782.913mil,T,90.00,IDC5X2
R131,RES1206-3216,2962.520mil,1766.141mil,2962.520mil,1766.141mil,2962.520mil,1699.212mil,B,90.00,100K
R231,RES1206-3216,7765.670mil,1766.141mil,7765.670mil,1766.141mil,7765.670mil,1699.212mil,B,90.00,100K
R331,RES1206-3216,2962.520mil,7592.913mil,2962.520mil,7592.913mil,2962.520mil,7525.984mil,B,90.00,100K
R431,RES1206-3216,7765.670mil,7592.913mil,7765.670mil,7592.913mil,7765.670mil,7525.984mil,B,90.00,100K
P103,HDR1X3,2882.520mil,6026.141mil,2882.520mil,5926.141mil,2882.520mil,5926.141mil,T,90.00,Header 3
P203,HDR1X3,7685.670mil,6026.141mil,7685.670mil,5926.141mil,7685.670mil,5926.141mil,T,90.00,Header 3
P303,HDR1X3,2882.520mil,11852.913mil,2882.520mil,11752.913mil,2882.520mil,11752.913mil,T,90.00,Header 3
P403,HDR1X3,7685.670mil,11852.913mil,7685.670mil,11752.913mil,7685.670mil,11752.913mil,T,90.00,Header 3
Q104,SOT95P240-3RM,3721.102mil,4891.497mil,3721.103mil,4891.495mil,3674.842mil,4891.497mil,B,0.00,2N3904
Q204,SOT95P240-3RM,8524.252mil,4891.497mil,8524.253mil,4891.495mil,8477.992mil,4891.497mil,B,0.00,2N3904
Q304,SOT95P240-3RM,3721.102mil,10718.269mil,3721.103mil,10718.267mil,3674.842mil,10718.269mil,B,0.00,2N3904
Q404,SOT95P240-3RM,8524.252mil,10718.269mil,8524.253mil,10718.267mil,8477.992mil,10718.269mil,B,0.00,2N3904
C113,"CAP0603,1608",2022.520mil,5426.141mil,2022.520mil,5426.141mil,2022.520mil,5392.086mil,B,90.00,100nF
C213,"CAP0603,1608",6825.670mil,5426.141mil,6825.670mil,5426.141mil,6825.670mil,5392.086mil,B,90.00,100nF
C313,"CAP0603,1608",2022.520mil,11252.913mil,2022.520mil,11252.913mil,2022.520mil,11218.858mil,B,90.00,100nF
C413,"CAP0603,1608",6825.670mil,11252.913mil,6825.670mil,11252.913mil,6825.670mil,11218.858mil,B,90.00,100nF
C112,"CAP0603,1608",2122.521mil,5426.141mil,2122.521mil,5426.141mil,2122.521mil,5392.086mil,B,90.00,100nF
C212,"CAP0603,1608",6925.671mil,5426.141mil,6925.671mil,5426.141mil,6925.671mil,5392.086mil,B,90.00,100nF
C312,"CAP0603,1608",2122.521mil,11252.913mil,2122.521mil,11252.913mil,2122.521mil,11218.858mil,B,90.00,100nF
C412,"CAP0603,1608",6925.671mil,11252.913mil,6925.671mil,11252.913mil,6925.671mil,11218.858mil,B,90.00,100nF
C111,"CAP0603,1608",2222.521mil,5426.141mil,2222.521mil,5426.141mil,2222.521mil,5392.086mil,B,90.00,100nF
C211,"CAP0603,1608",7025.671mil,5426.141mil,7025.671mil,5426.141mil,7025.671mil,5392.086mil,B,90.00,100nF
C311,"CAP0603,1608",2222.521mil,11252.913mil,2222.521mil,11252.913mil,2222.521mil,11218.858mil,B,90.00,100nF
C411,"CAP0603,1608",7025.671mil,11252.913mil,7025.671mil,11252.913mil,7025.671mil,11218.858mil,B,90.00,100nF
C110,C100UF,3772.520mil,1946.141mil,3722.520mil,1946.141mil,3722.520mil,1946.141mil,T,0.00,10uF 25v
C210,C100UF,8575.670mil,1946.141mil,8525.670mil,1946.141mil,8525.670mil,1946.141mil,T,0.00,10uF 25v
C310,C100UF,3772.520mil,7772.913mil,3722.520mil,7772.913mil,3722.520mil,7772.913mil,T,0.00,10uF 25v
C410,C100UF,8575.670mil,7772.913mil,8525.670mil,7772.913mil,8525.670mil,7772.913mil,T,0.00,10uF 25v
C109,"CAP0603,1608",1922.519mil,5206.141mil,1922.519mil,5206.141mil,1922.519mil,5240.196mil,B,270.00,100nF
C209,"CAP0603,1608",6725.669mil,5206.141mil,6725.669mil,5206.141mil,6725.669mil,5240.196mil,B,270.00,100nF
C309,"CAP0603,1608",1922.519mil,11032.913mil,1922.519mil,11032.913mil,1922.519mil,11066.968mil,B,270.00,100nF
C409,"CAP0603,1608",6725.669mil,11032.913mil,6725.669mil,11032.913mil,6725.669mil,11066.968mil,B,270.00,100nF
C108,"CAP0603,1608",2022.519mil,5206.141mil,2022.519mil,5206.141mil,2022.519mil,5240.196mil,B,270.00,100nF
C208,"CAP0603,1608",6825.669mil,5206.141mil,6825.669mil,5206.141mil,6825.669mil,5240.196mil,B,270.00,100nF
C308,"CAP0603,1608",2022.519mil,11032.913mil,2022.519mil,11032.913mil,2022.519mil,11066.968mil,B,270.00,100nF
C408,"CAP0603,1608",6825.669mil,11032.913mil,6825.669mil,11032.913mil,6825.669mil,11066.968mil,B,270.00,100nF
C107,"CAP0603,1608",2122.519mil,5206.141mil,2122.519mil,5206.141mil,2122.519mil,5240.196mil,B,270.00,100nF
C207,"CAP0603,1608",6925.669mil,5206.141mil,6925.669mil,5206.141mil,6925.669mil,5240.196mil,B,270.00,100nF
C307,"CAP0603,1608",2122.519mil,11032.913mil,2122.519mil,11032.913mil,2122.519mil,11066.968mil,B,270.00,100nF
C407,"CAP0603,1608",6925.669mil,11032.913mil,6925.669mil,11032.913mil,6925.669mil,11066.968mil,B,270.00,100nF
C106,"CAP0603,1608",2222.520mil,5206.141mil,2222.520mil,5206.141mil,2222.520mil,5240.196mil,B,270.00,100nF
C206,"CAP0603,1608",7025.670mil,5206.141mil,7025.670mil,5206.141mil,7025.670mil,5240.196mil,B,270.00,100nF
C306,"CAP0603,1608",2222.520mil,11032.913mil,2222.520mil,11032.913mil,2222.520mil,11066.968mil,B,270.00,100nF
C406,"CAP0603,1608",7025.670mil,11032.913mil,7025.670mil,11032.913mil,7025.670mil,11066.968mil,B,270.00,100nF
C105,"CAP0603,1608",2518.347mil,4806.810mil,2518.347mil,4806.810mil,2518.347mil,4840.865mil,B,270.00,100nF
C205,"CAP0603,1608",7321.497mil,4806.810mil,7321.497mil,4806.810mil,7321.497mil,4840.865mil,B,270.00,100nF
C305,"CAP0603,1608",2518.347mil,10633.582mil,2518.347mil,10633.582mil,2518.347mil,10667.637mil,B,270.00,100nF
C405,"CAP0603,1608",7321.497mil,10633.582mil,7321.497mil,10633.582mil,7321.497mil,10667.637mil,B,270.00,100nF
C104,"CAP0603,1608",2598.347mil,4806.810mil,2598.347mil,4806.810mil,2598.347mil,4840.865mil,B,270.00,100nF
C204,"CAP0603,1608",7401.497mil,4806.810mil,7401.497mil,4806.810mil,7401.497mil,4840.865mil,B,270.00,100nF
C304,"CAP0603,1608",2598.347mil,10633.582mil,2598.347mil,10633.582mil,2598.347mil,10667.637mil,B,270.00,100nF
C404,"CAP0603,1608",7401.497mil,10633.582mil,7401.497mil,10633.582mil,7401.497mil,10667.637mil,B,270.00,100nF
C103,"CAP0603,1608",2678.347mil,4806.810mil,2678.347mil,4806.810mil,2678.347mil,4840.865mil,B,270.00,100nF
C203,"CAP0603,1608",7481.497mil,4806.810mil,7481.497mil,4806.810mil,7481.497mil,4840.865mil,B,270.00,100nF
C303,"CAP0603,1608",2678.347mil,10633.582mil,2678.347mil,10633.582mil,2678.347mil,10667.637mil,B,270.00,100nF
C403,"CAP0603,1608",7481.497mil,10633.582mil,7481.497mil,10633.582mil,7481.497mil,10667.637mil,B,270.00,100nF
C102,"CAP0603,1608",2758.347mil,4806.810mil,2758.347mil,4806.810mil,2758.347mil,4840.865mil,B,270.00,100nF
C202,"CAP0603,1608",7561.497mil,4806.810mil,7561.497mil,4806.810mil,7561.497mil,4840.865mil,B,270.00,100nF
C302,"CAP0603,1608",2758.347mil,10633.582mil,2758.347mil,10633.582mil,2758.347mil,10667.637mil,B,270.00,100nF
C402,"CAP0603,1608",7561.497mil,10633.582mil,7561.497mil,10633.582mil,7561.497mil,10667.637mil,B,270.00,100nF
C101,C100UF,432.520mil,1946.139mil,482.520mil,1946.141mil,482.520mil,1946.139mil,T,180.00,10uF 25v
C201,C100UF,5235.670mil,1946.139mil,5285.670mil,1946.141mil,5285.670mil,1946.139mil,T,180.00,10uF 25v
C301,C100UF,432.520mil,7772.911mil,482.520mil,7772.913mil,482.520mil,7772.911mil,T,180.00,10uF 25v
C401,C100UF,5235.670mil,7772.911mil,5285.670mil,7772.913mil,5285.670mil,7772.911mil,T,180.00,10uF 25v
Q105,SOT95P240-3RM,3282.520mil,5766.141mil,3282.520mil,5766.141mil,3282.520mil,5812.401mil,B,270.00,2N3906
Q205,SOT95P240-3RM,8085.670mil,5766.141mil,8085.670mil,5766.141mil,8085.670mil,5812.401mil,B,270.00,2N3906
Q305,SOT95P240-3RM,3282.520mil,11592.913mil,3282.520mil,11592.913mil,3282.520mil,11639.173mil,B,270.00,2N3906
Q405,SOT95P240-3RM,8085.670mil,11592.913mil,8085.670mil,11592.913mil,8085.670mil,11639.173mil,B,270.00,2N3906
R153,RES1206-3216,3191.693mil,5025.393mil,3191.693mil,5025.393mil,3124.764mil,5025.393mil,B,360.00,100K
R253,RES1206-3216,7994.843mil,5025.393mil,7994.843mil,5025.393mil,7927.914mil,5025.393mil,B,360.00,100K
R353,RES1206-3216,3191.693mil,10852.165mil,3191.693mil,10852.165mil,3124.764mil,10852.165mil,B,360.00,100K
R453,RES1206-3216,7994.843mil,10852.165mil,7994.843mil,10852.165mil,7927.914mil,10852.165mil,B,360.00,100K
R152,RES1206-3216,3191.693mil,4905.393mil,3191.693mil,4905.393mil,3124.764mil,4905.393mil,B,360.00,1k
R252,RES1206-3216,7994.843mil,4905.393mil,7994.843mil,4905.393mil,7927.914mil,4905.393mil,B,360.00,1k
R352,RES1206-3216,3191.693mil,10732.165mil,3191.693mil,10732.165mil,3124.764mil,10732.165mil,B,360.00,1k
R452,RES1206-3216,7994.843mil,10732.165mil,7994.843mil,10732.165mil,7927.914mil,10732.165mil,B,360.00,1k
R151,RES1206-3216,3191.693mil,4785.393mil,3191.693mil,4785.393mil,3258.622mil,4785.393mil,B,180.00,100K
R251,RES1206-3216,7994.843mil,4785.393mil,7994.843mil,4785.393mil,8061.772mil,4785.393mil,B,180.00,100K
R351,RES1206-3216,3191.693mil,10612.165mil,3191.693mil,10612.165mil,3258.622mil,10612.165mil,B,180.00,100K
R451,RES1206-3216,7994.843mil,10612.165mil,7994.843mil,10612.165mil,8061.772mil,10612.165mil,B,180.00,100K
R150,RES1206-3216,3191.693mil,5385.393mil,3191.693mil,5385.393mil,3124.764mil,5385.393mil,B,360.00,1R
R250,RES1206-3216,7994.843mil,5385.393mil,7994.843mil,5385.393mil,7927.914mil,5385.393mil,B,360.00,1R
R350,RES1206-3216,3191.693mil,11212.165mil,3191.693mil,11212.165mil,3124.764mil,11212.165mil,B,360.00,1R
R450,RES1206-3216,7994.843mil,11212.165mil,7994.843mil,11212.165mil,7927.914mil,11212.165mil,B,360.00,1R
R149,RES1206-3216,3191.693mil,5265.393mil,3191.693mil,5265.393mil,3258.622mil,5265.393mil,B,180.00,33K
R249,RES1206-3216,7994.843mil,5265.393mil,7994.843mil,5265.393mil,8061.772mil,5265.393mil,B,180.00,33K
R349,RES1206-3216,3191.693mil,11092.165mil,3191.693mil,11092.165mil,3258.622mil,11092.165mil,B,180.00,33K
R449,RES1206-3216,7994.843mil,11092.165mil,7994.843mil,11092.165mil,8061.772mil,11092.165mil,B,180.00,33K
R148,RES1206-3216,3191.693mil,5145.393mil,3191.693mil,5145.393mil,3124.764mil,5145.393mil,B,360.00,100K
R248,RES1206-3216,7994.843mil,5145.393mil,7994.843mil,5145.393mil,7927.914mil,5145.393mil,B,360.00,100K
R348,RES1206-3216,3191.693mil,10972.165mil,3191.693mil,10972.165mil,3124.764mil,10972.165mil,B,360.00,100K
R448,RES1206-3216,7994.843mil,10972.165mil,7994.843mil,10972.165mil,7927.914mil,10972.165mil,B,360.00,100K
Q106,SOT95P240-3RM,2942.520mil,4866.141mil,2942.520mil,4866.141mil,2896.260mil,4866.141mil,B,0.00,2N3906
Q206,SOT95P240-3RM,7745.670mil,4866.141mil,7745.670mil,4866.141mil,7699.410mil,4866.141mil,B,0.00,2N3906
Q306,SOT95P240-3RM,2942.520mil,10692.913mil,2942.520mil,10692.913mil,2896.260mil,10692.913mil,B,0.00,2N3906
Q406,SOT95P240-3RM,7745.670mil,10692.913mil,7745.670mil,10692.913mil,7699.410mil,10692.913mil,B,0.00,2N3906
C136,C0603C104K5RACTU,4202.520mil,4566.141mil,4202.520mil,4566.141mil,4202.520mil,4532.085mil,B,90.00,100nF
C236,C0603C104K5RACTU,9005.670mil,4566.141mil,9005.670mil,4566.141mil,9005.670mil,4532.085mil,B,90.00,100nF
C336,C0603C104K5RACTU,4202.520mil,10392.913mil,4202.520mil,10392.913mil,4202.520mil,10358.857mil,B,90.00,100nF
C436,C0603C104K5RACTU,9005.670mil,10392.913mil,9005.670mil,10392.913mil,9005.670mil,10358.857mil,B,90.00,100nF
C135,C100UF,4252.520mil,4746.141mil,4302.520mil,4746.141mil,4302.520mil,4746.141mil,T,180.00,100uF 25v
C235,C100UF,9055.670mil,4746.141mil,9105.670mil,4746.141mil,9105.670mil,4746.141mil,T,180.00,100uF 25v
C335,C100UF,4252.520mil,10572.913mil,4302.520mil,10572.913mil,4302.520mil,10572.913mil,T,180.00,100uF 25v
C435,C100UF,9055.670mil,10572.913mil,9105.670mil,10572.913mil,9105.670mil,10572.913mil,T,180.00,100uF 25v
C134,C100UF,4072.520mil,1946.141mil,4022.520mil,1946.141mil,4022.520mil,1946.141mil,T,0.00,100uF 25v
C234,C100UF,8875.670mil,1946.141mil,8825.670mil,1946.141mil,8825.670mil,1946.141mil,T,0.00,100uF 25v
C334,C100UF,4072.520mil,7772.913mil,4022.520mil,7772.913mil,4022.520mil,7772.913mil,T,0.00,100uF 25v
C434,C100UF,8875.670mil,7772.913mil,8825.670mil,7772.913mil,8825.670mil,7772.913mil,T,0.00,100uF 25v
C133,"CAP0603,1608",4329.187mil,4566.141mil,4329.187mil,4566.141mil,4329.187mil,4532.086mil,B,90.00,100nF
C233,"CAP0603,1608",9132.337mil,4566.141mil,9132.337mil,4566.141mil,9132.337mil,4532.086mil,B,90.00,100nF
C333,"CAP0603,1608",4329.187mil,10392.913mil,4329.187mil,10392.913mil,4329.187mil,10358.858mil,B,90.00,100nF
C433,"CAP0603,1608",9132.337mil,10392.913mil,9132.337mil,10392.913mil,9132.337mil,10358.858mil,B,90.00,100nF
C132,C100UF,4532.520mil,4746.141mil,4582.520mil,4746.141mil,4582.520mil,4746.141mil,T,180.00,100uF 25v
C232,C100UF,9335.670mil,4746.141mil,9385.670mil,4746.141mil,9385.670mil,4746.141mil,T,180.00,100uF 25v
C332,C100UF,4532.520mil,10572.913mil,4582.520mil,10572.913mil,4582.520mil,10572.913mil,T,180.00,100uF 25v
C432,C100UF,9335.670mil,10572.913mil,9385.670mil,10572.913mil,9385.670mil,10572.913mil,T,180.00,100uF 25v
C131,"CAP0603,1608",4455.853mil,4566.141mil,4455.853mil,4566.141mil,4455.853mil,4532.086mil,B,90.00,100nF
C231,"CAP0603,1608",9259.003mil,4566.141mil,9259.003mil,4566.141mil,9259.003mil,4532.086mil,B,90.00,100nF
C331,"CAP0603,1608",4455.853mil,10392.913mil,4455.853mil,10392.913mil,4455.853mil,10358.858mil,B,90.00,100nF
C431,"CAP0603,1608",9259.003mil,10392.913mil,9259.003mil,10392.913mil,9259.003mil,10358.858mil,B,90.00,100nF
C130,"CAP0603,1608",4582.520mil,4566.141mil,4582.520mil,4566.141mil,4582.520mil,4532.086mil,B,90.00,100nF
C230,"CAP0603,1608",9385.670mil,4566.141mil,9385.670mil,4566.141mil,9385.670mil,4532.086mil,B,90.00,100nF
C330,"CAP0603,1608",4582.520mil,10392.913mil,4582.520mil,10392.913mil,4582.520mil,10358.858mil,B,90.00,100nF
C430,"CAP0603,1608",9385.670mil,10392.913mil,9385.670mil,10392.913mil,9385.670mil,10358.858mil,B,90.00,100nF
C129,"CAP0603,1608",482.520mil,2106.141mil,482.520mil,2106.141mil,482.520mil,2140.196mil,B,270.00,100nF
C229,"CAP0603,1608",5285.670mil,2106.141mil,5285.670mil,2106.141mil,5285.670mil,2140.196mil,B,270.00,100nF
C329,"CAP0603,1608",482.520mil,7932.913mil,482.520mil,7932.913mil,482.520mil,7966.968mil,B,270.00,100nF
C429,"CAP0603,1608",5285.670mil,7932.913mil,5285.670mil,7932.913mil,5285.670mil,7966.968mil,B,270.00,100nF
C128,"CAP0603,1608",355.853mil,2106.141mil,355.853mil,2106.141mil,355.853mil,2140.196mil,B,270.00,100nF
C228,"CAP0603,1608",5159.003mil,2106.141mil,5159.003mil,2106.141mil,5159.003mil,2140.196mil,B,270.00,100nF
C328,"CAP0603,1608",355.853mil,7932.913mil,355.853mil,7932.913mil,355.853mil,7966.968mil,B,270.00,100nF
C428,"CAP0603,1608",5159.003mil,7932.913mil,5159.003mil,7932.913mil,5159.003mil,7966.968mil,B,270.00,100nF
C127,"CAP0603,1608",229.187mil,2106.141mil,229.187mil,2106.141mil,229.187mil,2072.086mil,B,90.00,100nF
C227,"CAP0603,1608",5032.337mil,2106.141mil,5032.337mil,2106.141mil,5032.337mil,2072.086mil,B,90.00,100nF
C327,"CAP0603,1608",229.187mil,7932.913mil,229.187mil,7932.913mil,229.187mil,7898.858mil,B,90.00,100nF
C427,"CAP0603,1608",5032.337mil,7932.913mil,5032.337mil,7932.913mil,5032.337mil,7898.858mil,B,90.00,100nF
C126,"CAP0603,1608",102.520mil,2106.141mil,102.520mil,2106.141mil,102.520mil,2072.086mil,B,90.00,100nF
C226,"CAP0603,1608",4905.670mil,2106.141mil,4905.670mil,2106.141mil,4905.670mil,2072.086mil,B,90.00,100nF
C326,"CAP0603,1608",102.520mil,7932.913mil,102.520mil,7932.913mil,102.520mil,7898.858mil,B,90.00,100nF
C426,"CAP0603,1608",4905.670mil,7932.913mil,4905.670mil,7932.913mil,4905.670mil,7898.858mil,B,90.00,100nF
C125,C100UF,152.520mil,1946.141mil,202.520mil,1946.141mil,202.520mil,1946.141mil,T,180.00,100uF 25v
C225,C100UF,4955.670mil,1946.141mil,5005.670mil,1946.141mil,5005.670mil,1946.141mil,T,180.00,100uF 25v
C325,C100UF,152.520mil,7772.913mil,202.520mil,7772.913mil,202.520mil,7772.913mil,T,180.00,100uF 25v
C425,C100UF,4955.670mil,7772.913mil,5005.670mil,7772.913mil,5005.670mil,7772.913mil,T,180.00,100uF 25v
R142,RES1206-3216,2762.520mil,1766.141mil,2762.520mil,1766.141mil,2762.520mil,1699.212mil,B,90.00,100K
R242,RES1206-3216,7565.670mil,1766.141mil,7565.670mil,1766.141mil,7565.670mil,1699.212mil,B,90.00,100K
R342,RES1206-3216,2762.520mil,7592.913mil,2762.520mil,7592.913mil,2762.520mil,7525.984mil,B,90.00,100K
R442,RES1206-3216,7565.670mil,7592.913mil,7565.670mil,7592.913mil,7565.670mil,7525.984mil,B,90.00,100K
R136,RES1206-3216,1922.520mil,1766.141mil,1922.520mil,1766.141mil,1922.520mil,1699.212mil,B,90.00,100K
R236,RES1206-3216,6725.670mil,1766.141mil,6725.670mil,1766.141mil,6725.670mil,1699.212mil,B,90.00,100K
R336,RES1206-3216,1922.520mil,7592.913mil,1922.520mil,7592.913mil,1922.520mil,7525.984mil,B,90.00,100K
R436,RES1206-3216,6725.670mil,7592.913mil,6725.670mil,7592.913mil,6725.670mil,7525.984mil,B,90.00,100K
R135,RES1206-3216,2022.520mil,1766.141mil,2022.520mil,1766.141mil,2022.520mil,1699.212mil,B,90.00,100K
R235,RES1206-3216,6825.670mil,1766.141mil,6825.670mil,1766.141mil,6825.670mil,1699.212mil,B,90.00,100K
R335,RES1206-3216,2022.520mil,7592.913mil,2022.520mil,7592.913mil,2022.520mil,7525.984mil,B,90.00,100K
R435,RES1206-3216,6825.670mil,7592.913mil,6825.670mil,7592.913mil,6825.670mil,7525.984mil,B,90.00,100K
R129,RES1206-3216,1182.520mil,1766.141mil,1182.520mil,1766.141mil,1182.520mil,1699.212mil,B,90.00,100K
R229,RES1206-3216,5985.670mil,1766.141mil,5985.670mil,1766.141mil,5985.670mil,1699.212mil,B,90.00,100K
R329,RES1206-3216,1182.520mil,7592.913mil,1182.520mil,7592.913mil,1182.520mil,7525.984mil,B,90.00,100K
R429,RES1206-3216,5985.670mil,7592.913mil,5985.670mil,7592.913mil,5985.670mil,7525.984mil,B,90.00,100K
R127,RES1206-3216,1082.520mil,1766.141mil,1082.520mil,1766.141mil,1082.520mil,1699.212mil,B,90.00,100K
R227,RES1206-3216,5885.670mil,1766.141mil,5885.670mil,1766.141mil,5885.670mil,1699.212mil,B,90.00,100K
R327,RES1206-3216,1082.520mil,7592.913mil,1082.520mil,7592.913mil,1082.520mil,7525.984mil,B,90.00,100K
R427,RES1206-3216,5885.670mil,7592.913mil,5885.670mil,7592.913mil,5885.670mil,7525.984mil,B,90.00,100K
R125,RES1206-3216,1282.520mil,1766.141mil,1282.520mil,1766.141mil,1282.520mil,1699.212mil,B,90.00,100K
R225,RES1206-3216,6085.670mil,1766.141mil,6085.670mil,1766.141mil,6085.670mil,1699.212mil,B,90.00,100K
R325,RES1206-3216,1282.520mil,7592.913mil,1282.520mil,7592.913mil,1282.520mil,7525.984mil,B,90.00,100K
R425,RES1206-3216,6085.670mil,7592.913mil,6085.670mil,7592.913mil,6085.670mil,7525.984mil,B,90.00,100K
PT101,POT_LIN_VR1,3382.520mil,6046.141mil,3382.520mil,6046.141mil,3282.520mil,5946.141mil,T,0.00,20K
PT201,POT_LIN_VR1,8185.670mil,6046.141mil,8185.670mil,6046.141mil,8085.670mil,5946.141mil,T,0.00,20K
PT301,POT_LIN_VR1,3382.520mil,11872.913mil,3382.520mil,11872.913mil,3282.520mil,11772.913mil,T,0.00,20K
PT401,POT_LIN_VR1,8185.670mil,11872.913mil,8185.670mil,11872.913mil,8085.670mil,11772.913mil,T,0.00,20K
Q102,SOT95P240-3RM,3721.102mil,4711.497mil,3721.103mil,4711.495mil,3674.842mil,4711.497mil,B,0.00,2N3906
Q202,SOT95P240-3RM,8524.252mil,4711.497mil,8524.253mil,4711.495mil,8477.992mil,4711.497mil,B,0.00,2N3906
Q302,SOT95P240-3RM,3721.102mil,10538.269mil,3721.103mil,10538.267mil,3674.842mil,10538.269mil,B,0.00,2N3906
Q402,SOT95P240-3RM,8524.252mil,10538.269mil,8524.253mil,10538.267mil,8477.992mil,10538.269mil,B,0.00,2N3906
C114,"CAP0603,1608",1922.520mil,5426.141mil,1922.520mil,5426.141mil,1922.520mil,5392.086mil,B,90.00,100nF
C214,"CAP0603,1608",6725.670mil,5426.141mil,6725.670mil,5426.141mil,6725.670mil,5392.086mil,B,90.00,100nF
C314,"CAP0603,1608",1922.520mil,11252.913mil,1922.520mil,11252.913mil,1922.520mil,11218.858mil,B,90.00,100nF
C414,"CAP0603,1608",6725.670mil,11252.913mil,6725.670mil,11252.913mil,6725.670mil,11218.858mil,B,90.00,100nF
Y102,XTAL-2,2542.520mil,4526.771mil,2542.520mil,4566.141mil,2542.520mil,4566.141mil,T,270.00,32.768Khz
Y202,XTAL-2,7345.670mil,4526.771mil,7345.670mil,4566.141mil,7345.670mil,4566.141mil,T,270.00,32.768Khz
Y302,XTAL-2,2542.520mil,10353.543mil,2542.520mil,10392.913mil,2542.520mil,10392.913mil,T,270.00,32.768Khz
Y402,XTAL-2,7345.670mil,10353.543mil,7345.670mil,10392.913mil,7345.670mil,10392.913mil,T,270.00,32.768Khz
Y101,CRYSTAL,2742.522mil,3366.141mil,2742.520mil,3366.141mil,2742.522mil,3267.715mil,T,90.00,20Mhz
Y201,CRYSTAL,7545.672mil,3366.141mil,7545.670mil,3366.141mil,7545.672mil,3267.715mil,T,90.00,20Mhz
Y301,CRYSTAL,2742.522mil,9192.913mil,2742.520mil,9192.913mil,2742.522mil,9094.487mil,T,90.00,20Mhz
Y401,CRYSTAL,7545.672mil,9192.913mil,7545.670mil,9192.913mil,7545.672mil,9094.487mil,T,90.00,20Mhz
U103,10uSOP_M,2342.520mil,4526.141mil,2342.520mil,4526.141mil,2425.198mil,4565.511mil,B,180.00,DS1390U-33+
U203,10uSOP_M,7145.670mil,4526.141mil,7145.670mil,4526.141mil,7228.348mil,4565.511mil,B,180.00,DS1390U-33+
U303,10uSOP_M,2342.520mil,10352.913mil,2342.520mil,10352.913mil,2425.198mil,10392.283mil,B,180.00,DS1390U-33+
U403,10uSOP_M,7145.670mil,10352.913mil,7145.670mil,10352.913mil,7228.348mil,10392.283mil,B,180.00,DS1390U-33+
U102,SSOP-SS28_N,2342.520mil,3366.141mil,2342.520mil,3366.141mil,2478.346mil,3532.479mil,B,180.00,PIC16F886-I/SS
U202,SSOP-SS28_N,7145.670mil,3366.141mil,7145.670mil,3366.141mil,7281.496mil,3532.479mil,B,180.00,PIC16F886-I/SS
U302,SSOP-SS28_N,2342.520mil,9192.913mil,2342.520mil,9192.913mil,2478.346mil,9359.251mil,B,180.00,PIC16F886-I/SS
U402,SSOP-SS28_N,7145.670mil,9192.913mil,7145.670mil,9192.913mil,7281.496mil,9359.251mil,B,180.00,PIC16F886-I/SS
U101,SOIC-SO18_M,1171.260mil,3366.141mil,1171.260mil,3366.141mil,1352.362mil,3566.141mil,B,270.00,ULN2803A
U201,SOIC-SO18_M,5974.410mil,3366.141mil,5974.410mil,3366.141mil,6155.512mil,3566.141mil,B,270.00,ULN2803A
U301,SOIC-SO18_M,1171.260mil,9192.913mil,1171.260mil,9192.913mil,1352.362mil,9392.913mil,B,270.00,ULN2803A
U401,SOIC-SO18_M,5974.410mil,9192.913mil,5974.410mil,9192.913mil,6155.512mil,9392.913mil,B,270.00,ULN2803A
R147,RES1206-3216,2742.520mil,2966.141mil,2742.520mil,2966.141mil,2809.449mil,2966.141mil,B,180.00,1R
R247,RES1206-3216,7545.670mil,2966.141mil,7545.670mil,2966.141mil,7612.599mil,2966.141mil,B,180.00,1R
R347,RES1206-3216,2742.520mil,8792.913mil,2742.520mil,8792.913mil,2809.449mil,8792.913mil,B,180.00,1R
R447,RES1206-3216,7545.670mil,8792.913mil,7545.670mil,8792.913mil,7612.599mil,8792.913mil,B,180.00,1R
R146,RES1206-3216,2742.520mil,2866.141mil,2742.520mil,2866.141mil,2809.449mil,2866.141mil,B,180.00,1R
R246,RES1206-3216,7545.670mil,2866.141mil,7545.670mil,2866.141mil,7612.599mil,2866.141mil,B,180.00,1R
R346,RES1206-3216,2742.520mil,8692.913mil,2742.520mil,8692.913mil,2809.449mil,8692.913mil,B,180.00,1R
R446,RES1206-3216,7545.670mil,8692.913mil,7545.670mil,8692.913mil,7612.599mil,8692.913mil,B,180.00,1R
R145,RES1206-3216,2742.520mil,2766.141mil,2742.520mil,2766.141mil,2809.449mil,2766.141mil,B,180.00,1R
R245,RES1206-3216,7545.670mil,2766.141mil,7545.670mil,2766.141mil,7612.599mil,2766.141mil,B,180.00,1R
R345,RES1206-3216,2742.520mil,8592.913mil,2742.520mil,8592.913mil,2809.449mil,8592.913mil,B,180.00,1R
R445,RES1206-3216,7545.670mil,8592.913mil,7545.670mil,8592.913mil,7612.599mil,8592.913mil,B,180.00,1R
R130,RES1206-3216,3902.520mil,5766.141mil,3902.520mil,5766.141mil,3902.520mil,5833.070mil,B,270.00,100K
R230,RES1206-3216,8705.670mil,5766.141mil,8705.670mil,5766.141mil,8705.670mil,5833.070mil,B,270.00,100K
R330,RES1206-3216,3902.520mil,11592.913mil,3902.520mil,11592.913mil,3902.520mil,11659.842mil,B,270.00,100K
R430,RES1206-3216,8705.670mil,11592.913mil,8705.670mil,11592.913mil,8705.670mil,11659.842mil,B,270.00,100K
R128,RES1206-3216,3702.520mil,5766.141mil,3702.520mil,5766.141mil,3702.520mil,5833.070mil,B,270.00,100K
R228,RES1206-3216,8505.670mil,5766.141mil,8505.670mil,5766.141mil,8505.670mil,5833.070mil,B,270.00,100K
R328,RES1206-3216,3702.520mil,11592.913mil,3702.520mil,11592.913mil,3702.520mil,11659.842mil,B,270.00,100K
R428,RES1206-3216,8505.670mil,11592.913mil,8505.670mil,11592.913mil,8505.670mil,11659.842mil,B,270.00,100K
R126,RES1206-3216,4442.520mil,3206.141mil,4442.520mil,3206.141mil,4442.520mil,3139.212mil,B,90.00,100K
R226,RES1206-3216,9245.670mil,3206.141mil,9245.670mil,3206.141mil,9245.670mil,3139.212mil,B,90.00,100K
R326,RES1206-3216,4442.520mil,9032.913mil,4442.520mil,9032.913mil,4442.520mil,8965.984mil,B,90.00,100K
R426,RES1206-3216,9245.670mil,9032.913mil,9245.670mil,9032.913mil,9245.670mil,8965.984mil,B,90.00,100K
R132,RES1206-3216,3482.520mil,5766.141mil,3482.520mil,5766.141mil,3482.520mil,5699.212mil,B,90.00,100R
R232,RES1206-3216,8285.670mil,5766.141mil,8285.670mil,5766.141mil,8285.670mil,5699.212mil,B,90.00,100R
R332,RES1206-3216,3482.520mil,11592.913mil,3482.520mil,11592.913mil,3482.520mil,11525.984mil,B,90.00,100R
R432,RES1206-3216,8285.670mil,11592.913mil,8285.670mil,11592.913mil,8285.670mil,11525.984mil,B,90.00,100R
R124,RES1206-3216,2742.520mil,2566.141mil,2742.520mil,2566.141mil,2675.591mil,2566.141mil,B,360.00,10K
R224,RES1206-3216,7545.670mil,2566.141mil,7545.670mil,2566.141mil,7478.741mil,2566.141mil,B,360.00,10K
R324,RES1206-3216,2742.520mil,8392.913mil,2742.520mil,8392.913mil,2675.591mil,8392.913mil,B,360.00,10K
R424,RES1206-3216,7545.670mil,8392.913mil,7545.670mil,8392.913mil,7478.741mil,8392.913mil,B,360.00,10K
R123,RES1206-3216,2742.520mil,2666.141mil,2742.520mil,2666.141mil,2675.591mil,2666.141mil,B,360.00,10K
R223,RES1206-3216,7545.670mil,2666.141mil,7545.670mil,2666.141mil,7478.741mil,2666.141mil,B,360.00,10K
R323,RES1206-3216,2742.520mil,8492.913mil,2742.520mil,8492.913mil,2675.591mil,8492.913mil,B,360.00,10K
R423,RES1206-3216,7545.670mil,8492.913mil,7545.670mil,8492.913mil,7478.741mil,8492.913mil,B,360.00,10K
R122,RES1206-3216,602.520mil,3026.141mil,602.520mil,3026.141mil,669.449mil,3026.141mil,B,180.00,100R
R222,RES1206-3216,5405.670mil,3026.141mil,5405.670mil,3026.141mil,5472.599mil,3026.141mil,B,180.00,100R
R322,RES1206-3216,602.520mil,8852.913mil,602.520mil,8852.913mil,669.449mil,8852.913mil,B,180.00,100R
R422,RES1206-3216,5405.670mil,8852.913mil,5405.670mil,8852.913mil,5472.599mil,8852.913mil,B,180.00,100R
R121,RES1206-3216,1758.504mil,3021.299mil,1758.504mil,3021.299mil,1825.433mil,3021.299mil,B,180.00,1K
R221,RES1206-3216,6561.654mil,3021.299mil,6561.654mil,3021.299mil,6628.583mil,3021.299mil,B,180.00,1K
R321,RES1206-3216,1758.504mil,8848.071mil,1758.504mil,8848.071mil,1825.433mil,8848.071mil,B,180.00,1K
R421,RES1206-3216,6561.654mil,8848.071mil,6561.654mil,8848.071mil,6628.583mil,8848.071mil,B,180.00,1K
R120,RES1206-3216,602.520mil,3126.141mil,602.520mil,3126.141mil,669.449mil,3126.141mil,B,180.00,100R
R220,RES1206-3216,5405.670mil,3126.141mil,5405.670mil,3126.141mil,5472.599mil,3126.141mil,B,180.00,100R
R320,RES1206-3216,602.520mil,8952.913mil,602.520mil,8952.913mil,669.449mil,8952.913mil,B,180.00,100R
R420,RES1206-3216,5405.670mil,8952.913mil,5405.670mil,8952.913mil,5472.599mil,8952.913mil,B,180.00,100R
R119,RES1206-3216,1758.504mil,3121.299mil,1758.504mil,3121.299mil,1825.433mil,3121.299mil,B,180.00,1K
R219,RES1206-3216,6561.654mil,3121.299mil,6561.654mil,3121.299mil,6628.583mil,3121.299mil,B,180.00,1K
R319,RES1206-3216,1758.504mil,8948.071mil,1758.504mil,8948.071mil,1825.433mil,8948.071mil,B,180.00,1K
R419,RES1206-3216,6561.654mil,8948.071mil,6561.654mil,8948.071mil,6628.583mil,8948.071mil,B,180.00,1K
R118,RES1206-3216,602.520mil,3226.141mil,602.520mil,3226.141mil,669.449mil,3226.141mil,B,180.00,100R
R218,RES1206-3216,5405.670mil,3226.141mil,5405.670mil,3226.141mil,5472.599mil,3226.141mil,B,180.00,100R
R318,RES1206-3216,602.520mil,9052.913mil,602.520mil,9052.913mil,669.449mil,9052.913mil,B,180.00,100R
R418,RES1206-3216,5405.670mil,9052.913mil,5405.670mil,9052.913mil,5472.599mil,9052.913mil,B,180.00,100R
R117,RES1206-3216,1758.504mil,3221.299mil,1758.504mil,3221.299mil,1825.433mil,3221.299mil,B,180.00,1K
R217,RES1206-3216,6561.654mil,3221.299mil,6561.654mil,3221.299mil,6628.583mil,3221.299mil,B,180.00,1K
R317,RES1206-3216,1758.504mil,9048.071mil,1758.504mil,9048.071mil,1825.433mil,9048.071mil,B,180.00,1K
R417,RES1206-3216,6561.654mil,9048.071mil,6561.654mil,9048.071mil,6628.583mil,9048.071mil,B,180.00,1K
R116,RES1206-3216,602.520mil,3326.141mil,602.520mil,3326.141mil,669.449mil,3326.141mil,B,180.00,100R
R216,RES1206-3216,5405.670mil,3326.141mil,5405.670mil,3326.141mil,5472.599mil,3326.141mil,B,180.00,100R
R316,RES1206-3216,602.520mil,9152.913mil,602.520mil,9152.913mil,669.449mil,9152.913mil,B,180.00,100R
R416,RES1206-3216,5405.670mil,9152.913mil,5405.670mil,9152.913mil,5472.599mil,9152.913mil,B,180.00,100R
R115,RES1206-3216,1758.504mil,3321.299mil,1758.504mil,3321.299mil,1825.433mil,3321.299mil,B,180.00,1K
R215,RES1206-3216,6561.654mil,3321.299mil,6561.654mil,3321.299mil,6628.583mil,3321.299mil,B,180.00,1K
R315,RES1206-3216,1758.504mil,9148.071mil,1758.504mil,9148.071mil,1825.433mil,9148.071mil,B,180.00,1K
R415,RES1206-3216,6561.654mil,9148.071mil,6561.654mil,9148.071mil,6628.583mil,9148.071mil,B,180.00,1K
R114,RES1206-3216,602.520mil,3426.141mil,602.520mil,3426.141mil,669.449mil,3426.141mil,B,180.00,100R
R214,RES1206-3216,5405.670mil,3426.141mil,5405.670mil,3426.141mil,5472.599mil,3426.141mil,B,180.00,100R
R314,RES1206-3216,602.520mil,9252.913mil,602.520mil,9252.913mil,669.449mil,9252.913mil,B,180.00,100R
R414,RES1206-3216,5405.670mil,9252.913mil,5405.670mil,9252.913mil,5472.599mil,9252.913mil,B,180.00,100R
R113,RES1206-3216,1758.504mil,3421.299mil,1758.504mil,3421.299mil,1825.433mil,3421.299mil,B,180.00,1K
R213,RES1206-3216,6561.654mil,3421.299mil,6561.654mil,3421.299mil,6628.583mil,3421.299mil,B,180.00,1K
R313,RES1206-3216,1758.504mil,9248.071mil,1758.504mil,9248.071mil,1825.433mil,9248.071mil,B,180.00,1K
R413,RES1206-3216,6561.654mil,9248.071mil,6561.654mil,9248.071mil,6628.583mil,9248.071mil,B,180.00,1K
R112,RES1206-3216,602.520mil,3526.141mil,602.520mil,3526.141mil,669.449mil,3526.141mil,B,180.00,100R
R212,RES1206-3216,5405.670mil,3526.141mil,5405.670mil,3526.141mil,5472.599mil,3526.141mil,B,180.00,100R
R312,RES1206-3216,602.520mil,9352.913mil,602.520mil,9352.913mil,669.449mil,9352.913mil,B,180.00,100R
R412,RES1206-3216,5405.670mil,9352.913mil,5405.670mil,9352.913mil,5472.599mil,9352.913mil,B,180.00,100R
R111,RES1206-3216,1758.504mil,3521.299mil,1758.504mil,3521.299mil,1825.433mil,3521.299mil,B,180.00,1K
R211,RES1206-3216,6561.654mil,3521.299mil,6561.654mil,3521.299mil,6628.583mil,3521.299mil,B,180.00,1K
R311,RES1206-3216,1758.504mil,9348.071mil,1758.504mil,9348.071mil,1825.433mil,9348.071mil,B,180.00,1K
R411,RES1206-3216,6561.654mil,9348.071mil,6561.654mil,9348.071mil,6628.583mil,9348.071mil,B,180.00,1K
R110,RES1206-3216,602.520mil,3626.141mil,602.520mil,3626.141mil,669.449mil,3626.141mil,B,180.00,100R
R210,RES1206-3216,5405.670mil,3626.141mil,5405.670mil,3626.141mil,5472.599mil,3626.141mil,B,180.00,100R
R310,RES1206-3216,602.520mil,9452.913mil,602.520mil,9452.913mil,669.449mil,9452.913mil,B,180.00,100R
R410,RES1206-3216,5405.670mil,9452.913mil,5405.670mil,9452.913mil,5472.599mil,9452.913mil,B,180.00,100R
R109,RES1206-3216,1758.504mil,3621.299mil,1758.504mil,3621.299mil,1825.433mil,3621.299mil,B,180.00,1K
R209,RES1206-3216,6561.654mil,3621.299mil,6561.654mil,3621.299mil,6628.583mil,3621.299mil,B,180.00,1K
R309,RES1206-3216,1758.504mil,9448.071mil,1758.504mil,9448.071mil,1825.433mil,9448.071mil,B,180.00,1K
R409,RES1206-3216,6561.654mil,9448.071mil,6561.654mil,9448.071mil,6628.583mil,9448.071mil,B,180.00,1K
R108,RES1206-3216,602.520mil,3726.141mil,602.520mil,3726.141mil,669.449mil,3726.141mil,B,180.00,100R
R208,RES1206-3216,5405.670mil,3726.141mil,5405.670mil,3726.141mil,5472.599mil,3726.141mil,B,180.00,100R
R308,RES1206-3216,602.520mil,9552.913mil,602.520mil,9552.913mil,669.449mil,9552.913mil,B,180.00,100R
R408,RES1206-3216,5405.670mil,9552.913mil,5405.670mil,9552.913mil,5472.599mil,9552.913mil,B,180.00,100R
R107,RES1206-3216,1758.504mil,3721.299mil,1758.504mil,3721.299mil,1825.433mil,3721.299mil,B,180.00,1K
R207,RES1206-3216,6561.654mil,3721.299mil,6561.654mil,3721.299mil,6628.583mil,3721.299mil,B,180.00,1K
R307,RES1206-3216,1758.504mil,9548.071mil,1758.504mil,9548.071mil,1825.433mil,9548.071mil,B,180.00,1K
R407,RES1206-3216,6561.654mil,9548.071mil,6561.654mil,9548.071mil,6628.583mil,9548.071mil,B,180.00,1K
R106,RES1206-3216,3981.103mil,4931.495mil,3981.103mil,4931.495mil,3914.173mil,4931.495mil,B,360.00,470R
R206,RES1206-3216,8784.253mil,4931.495mil,8784.253mil,4931.495mil,8717.323mil,4931.495mil,B,360.00,470R
R306,RES1206-3216,3981.103mil,10758.267mil,3981.103mil,10758.267mil,3914.173mil,10758.267mil,B,360.00,470R
R406,RES1206-3216,8784.253mil,10758.267mil,8784.253mil,10758.267mil,8717.323mil,10758.267mil,B,360.00,470R
R105,RES1206-3216,451.142mil,1725.432mil,451.142mil,1725.432mil,384.213mil,1725.432mil,B,360.00,470R
R205,RES1206-3216,5254.292mil,1725.432mil,5254.292mil,1725.432mil,5187.363mil,1725.432mil,B,360.00,470R
R305,RES1206-3216,451.142mil,7552.204mil,451.142mil,7552.204mil,384.213mil,7552.204mil,B,360.00,470R
R405,RES1206-3216,5254.292mil,7552.204mil,5254.292mil,7552.204mil,5187.363mil,7552.204mil,B,360.00,470R
R104,RES1206-3216,3981.103mil,4811.495mil,3981.103mil,4811.495mil,3914.173mil,4811.495mil,B,360.00,1K
R204,RES1206-3216,8784.253mil,4811.495mil,8784.253mil,4811.495mil,8717.323mil,4811.495mil,B,360.00,1K
R304,RES1206-3216,3981.103mil,10638.267mil,3981.103mil,10638.267mil,3914.173mil,10638.267mil,B,360.00,1K
R404,RES1206-3216,8784.253mil,10638.267mil,8784.253mil,10638.267mil,8717.323mil,10638.267mil,B,360.00,1K
R103,RES1206-3216,451.142mil,1605.432mil,451.142mil,1605.432mil,384.213mil,1605.432mil,B,360.00,1K
R203,RES1206-3216,5254.292mil,1605.432mil,5254.292mil,1605.432mil,5187.363mil,1605.432mil,B,360.00,1K
R303,RES1206-3216,451.142mil,7432.204mil,451.142mil,7432.204mil,384.213mil,7432.204mil,B,360.00,1K
R403,RES1206-3216,5254.292mil,7432.204mil,5254.292mil,7432.204mil,5187.363mil,7432.204mil,B,360.00,1K
R102,RES1206-3216,3981.103mil,4691.495mil,3981.103mil,4691.495mil,3914.173mil,4691.495mil,B,360.00,10K
R202,RES1206-3216,8784.253mil,4691.495mil,8784.253mil,4691.495mil,8717.323mil,4691.495mil,B,360.00,10K
R302,RES1206-3216,3981.103mil,10518.267mil,3981.103mil,10518.267mil,3914.173mil,10518.267mil,B,360.00,10K
R402,RES1206-3216,8784.253mil,10518.267mil,8784.253mil,10518.267mil,8717.323mil,10518.267mil,B,360.00,10K
R101,RES1206-3216,451.142mil,1485.432mil,451.142mil,1485.432mil,384.213mil,1485.432mil,B,360.00,10K
R201,RES1206-3216,5254.292mil,1485.432mil,5254.292mil,1485.432mil,5187.363mil,1485.432mil,B,360.00,10K
R301,RES1206-3216,451.142mil,7312.204mil,451.142mil,7312.204mil,384.213mil,7312.204mil,B,360.00,10K
R401,RES1206-3216,5254.292mil,7312.204mil,5254.292mil,7312.204mil,5187.363mil,7312.204mil,B,360.00,10K
Q103,SOT95P240-3RM,211.142mil,1685.433mil,211.142mil,1685.432mil,164.882mil,1685.433mil,B,0.00,2N3904
Q203,SOT95P240-3RM,5014.292mil,1685.433mil,5014.292mil,1685.432mil,4968.032mil,1685.433mil,B,0.00,2N3904
Q303,SOT95P240-3RM,211.142mil,7512.205mil,211.142mil,7512.204mil,164.882mil,7512.205mil,B,0.00,2N3904
Q403,SOT95P240-3RM,5014.292mil,7512.205mil,5014.292mil,7512.204mil,4968.032mil,7512.205mil,B,0.00,2N3904
Q101,SOT95P240-3RM,211.142mil,1505.433mil,211.142mil,1505.432mil,164.882mil,1505.433mil,B,0.00,2N3906
Q201,SOT95P240-3RM,5014.292mil,1505.433mil,5014.292mil,1505.432mil,4968.032mil,1505.433mil,B,0.00,2N3906
Q301,SOT95P240-3RM,211.142mil,7332.205mil,211.142mil,7332.204mil,164.882mil,7332.205mil,B,0.00,2N3906
Q401,SOT95P240-3RM,5014.292mil,7332.205mil,5014.292mil,7332.204mil,4968.032mil,7332.205mil,B,0.00,2N3906
MDD101,IDC5X2,3602.520mil,706.141mil,3602.520mil,706.141mil,3802.520mil,756.141mil,T,270.00,IDC5X2
MDD201,IDC5X2,8405.670mil,706.141mil,8405.670mil,706.141mil,8605.670mil,756.141mil,T,270.00,IDC5X2
MDD301,IDC5X2,3602.520mil,6532.913mil,3602.520mil,6532.913mil,3802.520mil,6582.913mil,T,270.00,IDC5X2
MDD401,IDC5X2,8405.670mil,6532.913mil,8405.670mil,6532.913mil,8605.670mil,6582.913mil,T,270.00,IDC5X2
MDC101,IDC5X2,2762.520mil,706.141mil,2762.520mil,706.141mil,2962.520mil,756.141mil,T,270.00,IDC5X2
MDC201,IDC5X2,7565.670mil,706.141mil,7565.670mil,706.141mil,7765.670mil,756.141mil,T,270.00,IDC5X2
MDC301,IDC5X2,2762.520mil,6532.913mil,2762.520mil,6532.913mil,2962.520mil,6582.913mil,T,270.00,IDC5X2
MDC401,IDC5X2,7565.670mil,6532.913mil,7565.670mil,6532.913mil,7765.670mil,6582.913mil,T,270.00,IDC5X2
MDA101,IDC5X2,1082.520mil,706.141mil,1082.520mil,706.141mil,1282.520mil,756.141mil,T,270.00,IDC5X2
MDA201,IDC5X2,5885.670mil,706.141mil,5885.670mil,706.141mil,6085.670mil,756.141mil,T,270.00,IDC5X2
MDA301,IDC5X2,1082.520mil,6532.913mil,1082.520mil,6532.913mil,1282.520mil,6582.913mil,T,270.00,IDC5X2
MDA401,IDC5X2,5885.670mil,6532.913mil,5885.670mil,6532.913mil,6085.670mil,6582.913mil,T,270.00,IDC5X2
P104,AZUL5-4,4007.244mil,6066.141mil,4302.520mil,6066.141mil,4302.520mil,6066.141mil,T,180.00,BORNERA 2P
P204,AZUL5-4,8810.394mil,6066.141mil,9105.670mil,6066.141mil,9105.670mil,6066.141mil,T,180.00,BORNERA 2P
P304,AZUL5-4,4007.244mil,11892.913mil,4302.520mil,11892.913mil,4302.520mil,11892.913mil,T,180.00,BORNERA 2P
P404,AZUL5-4,8810.394mil,11892.913mil,9105.670mil,11892.913mil,9105.670mil,11892.913mil,T,180.00,BORNERA 2P
P105,AZUL5-2,484.095mil,6066.141mil,582.520mil,6066.141mil,582.520mil,6066.141mil,T,180.00,VOLT AC
P205,AZUL5-2,5287.245mil,6066.141mil,5385.670mil,6066.141mil,5385.670mil,6066.141mil,T,180.00,VOLT AC
P305,AZUL5-2,484.095mil,11892.913mil,582.520mil,11892.913mil,582.520mil,11892.913mil,T,180.00,VOLT AC
P405,AZUL5-2,5287.245mil,11892.913mil,5385.670mil,11892.913mil,5385.670mil,11892.913mil,T,180.00,VOLT AC
P102,HDR1X5,4582.520mil,3366.141mil,4582.520mil,3166.141mil,4582.520mil,3166.141mil,T,90.00,ICSP
P202,HDR1X5,9385.670mil,3366.141mil,9385.670mil,3166.141mil,9385.670mil,3166.141mil,T,90.00,ICSP
P302,HDR1X5,4582.520mil,9192.913mil,4582.520mil,8992.913mil,4582.520mil,8992.913mil,T,90.00,ICSP
P402,HDR1X5,9385.670mil,9192.913mil,9385.670mil,8992.913mil,9385.670mil,8992.913mil,T,90.00,ICSP
P101,HDR1X5,2342.520mil,2666.141mil,2542.520mil,2666.141mil,2542.520mil,2666.141mil,T,180.00,NONE
P201,HDR1X5,7145.670mil,2666.141mil,7345.670mil,2666.141mil,7345.670mil,2666.141mil,T,180.00,NONE
P301,HDR1X5,2342.520mil,8492.913mil,2542.520mil,8492.913mil,2542.520mil,8492.913mil,T,180.00,NONE
P401,HDR1X5,7145.670mil,8492.913mil,7345.670mil,8492.913mil,7345.670mil,8492.913mil,T,180.00,NONE
L101,74279224271,2642.520mil,4808.641mil,2642.520mil,4806.141mil,2772.520mil,4806.141mil,T,180.00,270R
L201,74279224271,7445.670mil,4808.641mil,7445.670mil,4806.141mil,7575.670mil,4806.141mil,T,180.00,270R
L301,74279224271,2642.520mil,10635.413mil,2642.520mil,10632.913mil,2772.520mil,10632.913mil,T,180.00,270R
L401,74279224271,7445.670mil,10635.413mil,7445.670mil,10632.913mil,7575.670mil,10632.913mil,T,180.00,270R
D105,DIODE-0.3_GENARO,1442.520mil,5986.141mil,1442.520mil,5986.141mil,1442.520mil,5836.141mil,T,270.00,1N4004
D205,DIODE-0.3_GENARO,6245.670mil,5986.141mil,6245.670mil,5986.141mil,6245.670mil,5836.141mil,T,270.00,1N4004
D305,DIODE-0.3_GENARO,1442.520mil,11812.913mil,1442.520mil,11812.913mil,1442.520mil,11662.913mil,T,270.00,1N4004
D405,DIODE-0.3_GENARO,6245.670mil,11812.913mil,6245.670mil,11812.913mil,6245.670mil,11662.913mil,T,270.00,1N4004
D104,DIODE-0.3_GENARO,1222.520mil,5986.141mil,1222.520mil,5986.141mil,1222.520mil,5836.141mil,T,270.00,1N4004
D204,DIODE-0.3_GENARO,6025.670mil,5986.141mil,6025.670mil,5986.141mil,6025.670mil,5836.141mil,T,270.00,1N4004
D304,DIODE-0.3_GENARO,1222.520mil,11812.913mil,1222.520mil,11812.913mil,1222.520mil,11662.913mil,T,270.00,1N4004
D404,DIODE-0.3_GENARO,6025.670mil,11812.913mil,6025.670mil,11812.913mil,6025.670mil,11662.913mil,T,270.00,1N4004
D103,DIODE-0.3_GENARO,1022.520mil,5986.141mil,1022.520mil,5986.141mil,1022.520mil,5836.141mil,T,270.00,1N4004
D203,DIODE-0.3_GENARO,5825.670mil,5986.141mil,5825.670mil,5986.141mil,5825.670mil,5836.141mil,T,270.00,1N4004
D303,DIODE-0.3_GENARO,1022.520mil,11812.913mil,1022.520mil,11812.913mil,1022.520mil,11662.913mil,T,270.00,1N4004
D403,DIODE-0.3_GENARO,5825.670mil,11812.913mil,5825.670mil,11812.913mil,5825.670mil,11662.913mil,T,270.00,1N4004
D102,DIODE-0.3_GENARO,822.520mil,5986.141mil,822.520mil,5986.141mil,822.520mil,5836.141mil,T,270.00,1N4004
D202,DIODE-0.3_GENARO,5625.670mil,5986.141mil,5625.670mil,5986.141mil,5625.670mil,5836.141mil,T,270.00,1N4004
D302,DIODE-0.3_GENARO,822.520mil,11812.913mil,822.520mil,11812.913mil,822.520mil,11662.913mil,T,270.00,1N4004
D402,DIODE-0.3_GENARO,5625.670mil,11812.913mil,5625.670mil,11812.913mil,5625.670mil,11662.913mil,T,270.00,1N4004
D101,DIODE-0.3_GENARO,3122.520mil,5986.141mil,3122.520mil,5986.141mil,3122.520mil,5836.141mil,T,270.00,1N4004
D201,DIODE-0.3_GENARO,7925.670mil,5986.141mil,7925.670mil,5986.141mil,7925.670mil,5836.141mil,T,270.00,1N4004
D301,DIODE-0.3_GENARO,3122.520mil,11812.913mil,3122.520mil,11812.913mil,3122.520mil,11662.913mil,T,270.00,1N4004
D401,DIODE-0.3_GENARO,7925.670mil,11812.913mil,7925.670mil,11812.913mil,7925.670mil,11662.913mil,T,270.00,1N4004
C122,"CAP0603,1608",2662.520mil,4566.141mil,2662.520mil,4566.141mil,2628.465mil,4566.141mil,B,360.00,15pF
C222,"CAP0603,1608",7465.670mil,4566.141mil,7465.670mil,4566.141mil,7431.615mil,4566.141mil,B,360.00,15pF
C322,"CAP0603,1608",2662.520mil,10392.913mil,2662.520mil,10392.913mil,2628.465mil,10392.913mil,B,360.00,15pF
C422,"CAP0603,1608",7465.670mil,10392.913mil,7465.670mil,10392.913mil,7431.615mil,10392.913mil,B,360.00,15pF
C121,"CAP0603,1608",2662.520mil,4486.141mil,2662.520mil,4486.141mil,2628.465mil,4486.141mil,B,360.00,15pF
C221,"CAP0603,1608",7465.670mil,4486.141mil,7465.670mil,4486.141mil,7431.615mil,4486.141mil,B,360.00,15pF
C321,"CAP0603,1608",2662.520mil,10312.913mil,2662.520mil,10312.913mil,2628.465mil,10312.913mil,B,360.00,15pF
C421,"CAP0603,1608",7465.670mil,10312.913mil,7465.670mil,10312.913mil,7431.615mil,10312.913mil,B,360.00,15pF
C120,"CAP0603,1608",2882.520mil,3266.141mil,2882.520mil,3266.141mil,2848.465mil,3266.141mil,B,360.00,15pF
C220,"CAP0603,1608",7685.670mil,3266.141mil,7685.670mil,3266.141mil,7651.615mil,3266.141mil,B,360.00,15pF
C320,"CAP0603,1608",2882.520mil,9092.913mil,2882.520mil,9092.913mil,2848.465mil,9092.913mil,B,360.00,15pF
C420,"CAP0603,1608",7685.670mil,9092.913mil,7685.670mil,9092.913mil,7651.615mil,9092.913mil,B,360.00,15pF
C119,"CAP0603,1608",2882.520mil,3466.141mil,2882.520mil,3466.141mil,2848.465mil,3466.141mil,B,360.00,15pF
C219,"CAP0603,1608",7685.670mil,3466.141mil,7685.670mil,3466.141mil,7651.615mil,3466.141mil,B,360.00,15pF
C319,"CAP0603,1608",2882.520mil,9292.913mil,2882.520mil,9292.913mil,2848.465mil,9292.913mil,B,360.00,15pF
C419,"CAP0603,1608",7685.670mil,9292.913mil,7685.670mil,9292.913mil,7651.615mil,9292.913mil,B,360.00,15pF
C118,"CAP0603,1608",4122.520mil,2206.141mil,4122.520mil,2206.141mil,4122.520mil,2240.196mil,B,270.00,100nF
C218,"CAP0603,1608",8925.670mil,2206.141mil,8925.670mil,2206.141mil,8925.670mil,2240.196mil,B,270.00,100nF
C318,"CAP0603,1608",4122.520mil,8032.913mil,4122.520mil,8032.913mil,4122.520mil,8066.968mil,B,270.00,100nF
C418,"CAP0603,1608",8925.670mil,8032.913mil,8925.670mil,8032.913mil,8925.670mil,8066.968mil,B,270.00,100nF
C117,"CAP0603,1608",3989.187mil,2206.141mil,3989.187mil,2206.141mil,3989.187mil,2240.196mil,B,270.00,100nF
C217,"CAP0603,1608",8792.337mil,2206.141mil,8792.337mil,2206.141mil,8792.337mil,2240.196mil,B,270.00,100nF
C317,"CAP0603,1608",3989.187mil,8032.913mil,3989.187mil,8032.913mil,3989.187mil,8066.968mil,B,270.00,100nF
C417,"CAP0603,1608",8792.337mil,8032.913mil,8792.337mil,8032.913mil,8792.337mil,8066.968mil,B,270.00,100nF
C116,"CAP0603,1608",3855.853mil,2206.141mil,3855.853mil,2206.141mil,3855.853mil,2240.196mil,B,270.00,100nF
C216,"CAP0603,1608",8659.003mil,2206.141mil,8659.003mil,2206.141mil,8659.003mil,2240.196mil,B,270.00,100nF
C316,"CAP0603,1608",3855.853mil,8032.913mil,3855.853mil,8032.913mil,3855.853mil,8066.968mil,B,270.00,100nF
C416,"CAP0603,1608",8659.003mil,8032.913mil,8659.003mil,8032.913mil,8659.003mil,8066.968mil,B,270.00,100nF
C115,"CAP0603,1608",3722.520mil,2206.141mil,3722.520mil,2206.141mil,3722.520mil,2240.196mil,B,270.00,100nF
C215,"CAP0603,1608",8525.670mil,2206.141mil,8525.670mil,2206.141mil,8525.670mil,2240.196mil,B,270.00,100nF
C315,"CAP0603,1608",3722.520mil,8032.913mil,3722.520mil,8032.913mil,3722.520mil,8066.968mil,B,270.00,100nF
C415,"CAP0603,1608",8525.670mil,8032.913mil,8525.670mil,8032.913mil,8525.670mil,8066.968mil,B,270.00,100nF
C123,"CAP0603,1608",3949.331mil,3829.133mil,3949.331mil,3829.133mil,3949.331mil,3863.188mil,B,270.00,15pF
C223,"CAP0603,1608",8752.481mil,3829.133mil,8752.481mil,3829.133mil,8752.481mil,3863.188mil,B,270.00,15pF
C323,"CAP0603,1608",3949.331mil,9655.905mil,3949.331mil,9655.905mil,3949.331mil,9689.960mil,B,270.00,15pF
C423,"CAP0603,1608",8752.481mil,9655.905mil,8752.481mil,9655.905mil,8752.481mil,9689.960mil,B,270.00,15pF
C124,"CAP0603,1608",4149.331mil,3829.133mil,4149.331mil,3829.133mil,4149.331mil,3863.188mil,B,270.00,15pF
C224,"CAP0603,1608",8952.481mil,3829.133mil,8952.481mil,3829.133mil,8952.481mil,3863.188mil,B,270.00,15pF
C324,"CAP0603,1608",4149.331mil,9655.905mil,4149.331mil,9655.905mil,4149.331mil,9689.960mil,B,270.00,15pF
C424,"CAP0603,1608",8952.481mil,9655.905mil,8952.481mil,9655.905mil,8952.481mil,9689.960mil,B,270.00,15pF
U104,SOIC-SN8_M,2342.520mil,4026.141mil,2342.520mil,4026.141mil,2438.976mil,4101.141mil,B,180.00,25LC256-I/SN
U204,SOIC-SN8_M,7145.670mil,4026.141mil,7145.670mil,4026.141mil,7242.126mil,4101.141mil,B,180.00,25LC256-I/SN
U304,SOIC-SN8_M,2342.520mil,9852.913mil,2342.520mil,9852.913mil,2438.976mil,9927.913mil,B,180.00,25LC256-I/SN
U404,SOIC-SN8_M,7145.670mil,9852.913mil,7145.670mil,9852.913mil,7242.126mil,9927.913mil,B,180.00,25LC256-I/SN
U105,TQFP-PT44_M,3513.780mil,3366.141mil,3513.780mil,3366.141mil,3243.744mil,3413.467mil,B,45.00,PIC18F4520-I/PT
U205,TQFP-PT44_M,8316.930mil,3366.141mil,8316.930mil,3366.141mil,8046.894mil,3413.467mil,B,45.00,PIC18F4520-I/PT
U305,TQFP-PT44_M,3513.780mil,9192.913mil,3513.780mil,9192.913mil,3243.744mil,9240.239mil,B,45.00,PIC18F4520-I/PT
U405,TQFP-PT44_M,8316.930mil,9192.913mil,8316.930mil,9192.913mil,8046.894mil,9240.239mil,B,45.00,PIC18F4520-I/PT
Y103,CRYSTAL,4042.522mil,4006.141mil,4042.520mil,4006.141mil,4140.948mil,4006.141mil,T,180.00,"32,768Khz"
Y203,CRYSTAL,8845.672mil,4006.141mil,8845.670mil,4006.141mil,8944.098mil,4006.141mil,T,180.00,"32,768Khz"
Y303,CRYSTAL,4042.522mil,9832.913mil,4042.520mil,9832.913mil,4140.948mil,9832.913mil,T,180.00,"32,768Khz"
Y403,CRYSTAL,8845.672mil,9832.913mil,8845.670mil,9832.913mil,8944.098mil,9832.913mil,T,180.00,"32,768Khz"
R134,RES1206-3216,2122.520mil,1766.141mil,2122.520mil,1766.141mil,2122.520mil,1699.212mil,B,90.00,100K
R234,RES1206-3216,6925.670mil,1766.141mil,6925.670mil,1766.141mil,6925.670mil,1699.212mil,B,90.00,100K
R334,RES1206-3216,2122.520mil,7592.913mil,2122.520mil,7592.913mil,2122.520mil,7525.984mil,B,90.00,100K
R434,RES1206-3216,6925.670mil,7592.913mil,6925.670mil,7592.913mil,6925.670mil,7525.984mil,B,90.00,100K
DS101,Display_7Seg_4'',570.866mil,3373.031mil,570.866mil,3373.031mil,170.866mil,1266.731mil,T,0.00,DISPLAY 7PULG AC
DS201,Display_7Seg_4'',5374.016mil,3373.031mil,5374.016mil,3373.031mil,4974.016mil,1266.731mil,T,0.00,DISPLAY 7PULG AC
DS301,Display_7Seg_4'',570.866mil,9199.803mil,570.866mil,9199.803mil,170.866mil,7093.503mil,T,0.00,DISPLAY 7PULG AC
DS401,Display_7Seg_4'',5374.016mil,9199.803mil,5374.016mil,9199.803mil,4974.016mil,7093.503mil,T,0.00,DISPLAY 7PULG AC
R133,RES1206-3216,2862.520mil,1766.141mil,2862.520mil,1766.141mil,2862.520mil,1699.212mil,B,90.00,100K
R233,RES1206-3216,7665.670mil,1766.141mil,7665.670mil,1766.141mil,7665.670mil,1699.212mil,B,90.00,100K
R333,RES1206-3216,2862.520mil,7592.913mil,2862.520mil,7592.913mil,2862.520mil,7525.984mil,B,90.00,100K
R433,RES1206-3216,7665.670mil,7592.913mil,7665.670mil,7592.913mil,7665.670mil,7525.984mil,B,90.00,100K
R137,RES1206-3216,3502.520mil,1766.141mil,3502.520mil,1766.141mil,3502.520mil,1833.070mil,B,270.00,4k7
R237,RES1206-3216,8305.670mil,1766.141mil,8305.670mil,1766.141mil,8305.670mil,1833.070mil,B,270.00,4k7
R337,RES1206-3216,3502.520mil,7592.913mil,3502.520mil,7592.913mil,3502.520mil,7659.842mil,B,270.00,4k7
R437,RES1206-3216,8305.670mil,7592.913mil,8305.670mil,7592.913mil,8305.670mil,7659.842mil,B,270.00,4k7
R144,RES1206-3216,3702.520mil,1766.141mil,3702.520mil,1766.141mil,3702.520mil,1699.212mil,B,90.00,100K
R244,RES1206-3216,8505.670mil,1766.141mil,8505.670mil,1766.141mil,8505.670mil,1699.212mil,B,90.00,100K
R344,RES1206-3216,3702.520mil,7592.913mil,3702.520mil,7592.913mil,3702.520mil,7525.984mil,B,90.00,100K
R444,RES1206-3216,8505.670mil,7592.913mil,8505.670mil,7592.913mil,8505.670mil,7525.984mil,B,90.00,100K
R138,CRCW1206100KJNEA,2242.520mil,5746.141mil,2242.520mil,5746.141mil,2242.520mil,5679.212mil,B,90.00,100K
R238,CRCW1206100KJNEA,7045.670mil,5746.141mil,7045.670mil,5746.141mil,7045.670mil,5679.212mil,B,90.00,100K
R338,CRCW1206100KJNEA,2242.520mil,11572.913mil,2242.520mil,11572.913mil,2242.520mil,11505.984mil,B,90.00,100K
R438,CRCW1206100KJNEA,7045.670mil,11572.913mil,7045.670mil,11572.913mil,7045.670mil,11505.984mil,B,90.00,100K
R143,RES1206-3216,2142.520mil,5746.141mil,2142.520mil,5746.141mil,2142.520mil,5813.070mil,B,270.00,100K
R243,RES1206-3216,6945.670mil,5746.141mil,6945.670mil,5746.141mil,6945.670mil,5813.070mil,B,270.00,100K
R343,RES1206-3216,2142.520mil,11572.913mil,2142.520mil,11572.913mil,2142.520mil,11639.842mil,B,270.00,100K
R443,RES1206-3216,6945.670mil,11572.913mil,6945.670mil,11572.913mil,6945.670mil,11639.842mil,B,270.00,100K
R139,RES1206-3216,2342.520mil,4806.141mil,2342.520mil,4806.141mil,2342.520mil,4873.070mil,B,270.00,4k7
R239,RES1206-3216,7145.670mil,4806.141mil,7145.670mil,4806.141mil,7145.670mil,4873.070mil,B,270.00,4k7
R339,RES1206-3216,2342.520mil,10632.913mil,2342.520mil,10632.913mil,2342.520mil,10699.842mil,B,270.00,4k7
R439,RES1206-3216,7145.670mil,10632.913mil,7145.670mil,10632.913mil,7145.670mil,10699.842mil,B,270.00,4k7
R141,RES1206-3216,3602.520mil,1766.141mil,3602.520mil,1766.141mil,3602.520mil,1833.070mil,B,270.00,4k7
R241,RES1206-3216,8405.670mil,1766.141mil,8405.670mil,1766.141mil,8405.670mil,1833.070mil,B,270.00,4k7
R341,RES1206-3216,3602.520mil,7592.913mil,3602.520mil,7592.913mil,3602.520mil,7659.842mil,B,270.00,4k7
R441,RES1206-3216,8405.670mil,7592.913mil,8405.670mil,7592.913mil,8405.670mil,7659.842mil,B,270.00,4k7
